/* start */
90 90 90 90
90 90 90 90
90 90 90 90 
90 90 90 90
90 90 90 90
90 90 90 90 
90 90 90 90
90 90 90 90
90 90 90 90 
90 90 90 90
90 90 90 90
90 90 90 90 
90 90 90 90
90 90 90 90
90 90 90 90 
90 90 90 90
90 90 90 90
90 90 90 90 
90 90 90 90
90 90 90 90
90 90 90 90 
90 90 90 90
90 90 90 90
90 90 90 90 
90 90 90 90
/* 100 */
90 90 90 90
90 90 90 90
90 90 90 90 
90 90 90 90
90 90 90 90
90 90 90 90 
90 90 90 90
90 90 90 90
90 90 90 90 
90 90 90 90
90 90 90 90
90 90 90 90 
90 90 90 90
90 90 90 90
90 90 90 90 
90 90 90 90
90 90 90 90
90 90 90 90 
90 90 90 90
90 90 90 90
90 90 90 90 
90 90 90 90
90 90 90 90
90 90 90 90 
90 90 90 90
/* 200 */
90 90 90 90
90 90 90 90
90 90 90 90 
90 90 90 90
90 90 90 90
90 90 90 90 
90 90 90 90
90 90 90 90
90 90 90 90 
90 90 90 90
90 90 90 90
90 90 90 90 
90 90 90 90
90 90 90 90
90 90 90 90 
90 90 90 90
90 90 90 90
90 90 90 90 
90 90 90 90
90 90 90 90
90 90 90 90 
90 90 90 90
90 90 90 90
90 90 90 90 
90 90 90 90
/* 300 */
90 90 90 90
90 90 90 90
90 90 90 90 
90 90 90 90
90 90 90 90
90 90 90 90 
90 90 90 90
90 90 90 90
90 90 90 90 
90 90 90 90
90 90 90 90
90 90 90 90 
90 90 90 90
90 90 90 90
90 90 90 90 
90 90 90 90
90 90 90 90
90 90 90 90 
90 90 90 90
90 90 90 90
90 90 90 90 
90 90 90 90
90 90 90 90
90 90 90 90 
90 90 90 90
/* 400 */
90 90 90 90
90 90 90 90
90 90 90 90 
90 90 90 90
90 90 90 90
90 90 90 90 
90 90 90 90
90 90 90 90
90 90 90 90 
90 90 90 90
90 90 90 90
90 90 90 90 
90 90 90 90
90 90 90 90
90 90 90 90 
90 90 90 90
90 90 90 90
90 90 90 90 
90 90 90 90
90 90 90 90
90 90 90 90 
90 90 90 90
90 90 90 90
90 90 90 90 
90 90 90 90
/* 500 */
90 90 90 90
90 90 90 90
90
/* code for 15 */
b8 45 a6 2d 38
8d 6c 24 28
68 15 8e 04 08
c3
/* buf */
88 2f 68 55
/* end */
